5        3
6        4
6        5
7        5
8        5
8        6
9        6
9        7
10        7
11        7
12        7
12        6
12        5
12        4
11        4
10        4
10        4
11        4
12        4
12        5
12        5
12        6
12        7
11        7
10        7
9        7
9        6
9        6
9        6
9        7
10        7
10        7
11        7
12        7
12        6
12        5
12        4
11        4
10        4
9        4
9        5
9        5
9        5
9        6
9        7
10        7
10        7
10        7
10        7
11        7
12        7
12        6
12        5
12        4
11        4
10        4
10        4
9        4
9        5
9        6
9        7
10        7
10        7
11        7
12        7
12        6
12        7
11        7
10        7
11        7
12        7
12        6
12        5
12        4
11        4
12        4
11        4
11        4
10        4
9        4
9        5
9        6
9        7
10        8
11        9
12        8
12        7
12        6
12        5
12        4
11        4
10        4
9        4
9        5
9        5
9        6
9        7
9        6
9        7
10        7
10        7
11        7
12        7
12        6
12        5
12        4
11        4
11        4
11        4
10        4
9        4
9        5
9        6
9        7
8        8
8        9
8        9
8        10
8        11
8        12
8        11
8        10
9        9
10        8
9        7
10        7
11        7
11        7
12        7
12        6
12        5
12        4
11        4
12        4
12        5
12        6
13        7
12        7
11        7
10        7
9        7
9        7
9        6
9        5
9        4
10        4
10        4
11        4
12        4
12        5
12        6
12        7
11        7
10        7
9        7
9        6
9        6
9        5
9        4
10        4
11        4
12        4
11        4
12        4
11        4
10        4
9        4
9        5
9        6
9        5
9        4
10        4
11        4
12        4
12        5
12        6
12        7
11        8
10        9
11        9
12        8
13        8
14        7
15        6
15        5
14        4
13        4
12        4
11        3
10        2
10        3
10        4
11        4
11        4
12        4
12        5
12        6
12        7
11        7
10        7
9        7
10        7
10        7
11        7
12        7
12        6
12        5
12        4
11        4
10        4
9        4
9        5
9        6
9        7
10        7
11        7
12        7
12        6
12        5
12        4
11        4
10        4
9        4
9        5
9        6
9        7
10        7
11        7
12        7
12        6
12        5
12        4
11        4
10        4
11        4
12        4
11        4
10        4
9        4
8        5
9        6
9        7
10        8
10        9
10        10
11        11
12        10
12        9
12        8
13        9
14        10
15        11
16        12
17        13
18        14
19        15
20        16
21        17
22        18
23        19
22        19
22        20
22        21
23        21
24        21
24        20
25        20
26        19
27        19
28        19
29        19
30        19
30        19
31        19
30        19
29        19
28        19
29        19
28        19
28        18
28        17
28        16
28        15
29        15
30        15
31        15
32        15
32        16
32        17
32        18
32        19
31        19
30        19
29        19
28        19
29        19
30        19
29        19
28        19
27        18
27        17
27        16
26        15
25        14
24        14
23        15
24        16
24        17
24        18
23        19
22        19
21        20
20        21
19        22
18        22
17        21
16        20
15        19
14        19
13        19
12        18
11        19
10        18
9        17
